Experiment title: Dataset 0
Missing: 0.2
BinaryRelevance with class weka.classifiers.bayes.NaiveBayes
Accuracy: 0.07769423558897243
Recall: 0.49206349206349204
Precision: 0.08446866485013624
F-Messure: 0.07209302325581396
HammingLoss: 0.0035492457852706006
 

Experiment title: Dataset 0
Missing: 0.2
BinaryRelevance with class weka.classifiers.trees.RandomForest
Accuracy: 0.726027397260274
Recall: 0.8412698412698413
Precision: 0.8412698412698413
F-Messure: 0.42063492063492064
HammingLoss: 1.9289379267775156E-4
 

Experiment title: Dataset 0
Missing: 0.2
BRkNN
Accuracy: 0.984375
Recall: 1.0
Precision: 0.984375
F-Messure: 0.49606299212598426
HammingLoss: 9.64468963388758E-6
 

